# Camera list with one line of data per camera:
#   CAMERA_ID, MODEL, WIDTH, HEIGHT, PARAMS[]
# Number of cameras: 150
1 SIMPLE_RADIAL 4080 3072 3162.6421647289353 2040 1536 0.0059800510535784101
6 SIMPLE_RADIAL 1920 1080 1606.7713217538048 960 540 -0.027117719267667737
7 SIMPLE_RADIAL 1920 1080 1588.6629456229093 960 540 0.0057903979036784542
8 SIMPLE_RADIAL 1920 1080 1557.6087657375597 960 540 0.028048480755144913
9 SIMPLE_RADIAL 1920 1080 1557.3200701358003 960 540 0.018009238563202575
10 SIMPLE_RADIAL 1920 1080 1553.3419895266868 960 540 0.02529396331543856
11 SIMPLE_RADIAL 1920 1080 1556.0979999158769 960 540 0.024970007906120265
12 SIMPLE_RADIAL 1920 1080 1551.7370132503474 960 540 0.029885268693770426
13 SIMPLE_RADIAL 1920 1080 1554.475897967005 960 540 0.0088563400954076148
14 SIMPLE_RADIAL 1920 1080 1560.270809645493 960 540 0.011946288157614945
15 SIMPLE_RADIAL 1920 1080 1564.6555631112176 960 540 0.0069337275996819237
16 SIMPLE_RADIAL 1920 1080 1569.235904482312 960 540 0.027727689483644923
17 SIMPLE_RADIAL 1920 1080 1566.8362490965976 960 540 0.049395793467740985
18 SIMPLE_RADIAL 1920 1080 1568.3938827836232 960 540 0.025618506100469517
19 SIMPLE_RADIAL 1920 1080 1569.3093982423402 960 540 0.040444529933614498
20 SIMPLE_RADIAL 1920 1080 1563.1024880687708 960 540 0.018932494332401031
21 SIMPLE_RADIAL 1920 1080 1554.2087042583398 960 540 0.041261284228205977
22 SIMPLE_RADIAL 1920 1080 1560.097316967456 960 540 0.034202472131378024
23 SIMPLE_RADIAL 1920 1080 1556.7590559490875 960 540 0.034576329400385006
24 SIMPLE_RADIAL 1920 1080 1559.4168314020469 960 540 0.029330053759250321
25 SIMPLE_RADIAL 1920 1080 1563.6754384221813 960 540 0.022934710448385437
26 SIMPLE_RADIAL 1920 1080 1563.4431457105511 960 540 0.023860323771269537
27 SIMPLE_RADIAL 1920 1080 1563.327121215523 960 540 0.019758013564083441
28 SIMPLE_RADIAL 1920 1080 1565.1657651510748 960 540 0.016634250223188467
29 SIMPLE_RADIAL 1920 1080 1569.5026823182782 960 540 0.0092078436347524956
30 SIMPLE_RADIAL 1920 1080 1575.6833555021813 960 540 -0.00057373183038619759
31 SIMPLE_RADIAL 1920 1080 1571.4068055292094 960 540 0.006036470029881856
32 SIMPLE_RADIAL 1920 1080 1568.6719877307087 960 540 0.0042791318736926393
33 SIMPLE_RADIAL 1920 1080 1570.2915134875525 960 540 0.004045193600644508
34 SIMPLE_RADIAL 1920 1080 1569.2207696251667 960 540 0.0070678112154725931
35 SIMPLE_RADIAL 1920 1080 1564.9419331102308 960 540 0.014598062301970931
36 SIMPLE_RADIAL 1920 1080 1563.1679465321477 960 540 0.017909494913262661
37 SIMPLE_RADIAL 1920 1080 1563.8178977977732 960 540 0.017358734491715915
38 SIMPLE_RADIAL 1920 1080 1566.5540492737834 960 540 0.013382790165753259
39 SIMPLE_RADIAL 1920 1080 1567.5531446714549 960 540 0.011035083041576972
40 SIMPLE_RADIAL 1920 1080 1556.3966194621657 960 540 0.0081779201080974442
41 SIMPLE_RADIAL 1920 1080 1548.2424196314935 960 540 0.0030476439625327337
42 SIMPLE_RADIAL 1920 1080 1556.0003839808796 960 540 0.012055379074827628
43 SIMPLE_RADIAL 1920 1080 1553.4155780978608 960 540 0.0092829760822791506
44 SIMPLE_RADIAL 1920 1080 1548.0640729555284 960 540 0.0083059530405019608
45 SIMPLE_RADIAL 1920 1080 1543.0073902454965 960 540 0.017175300127095769
46 SIMPLE_RADIAL 1920 1080 1545.1395786143739 960 540 0.0087135279969880568
47 SIMPLE_RADIAL 1920 1080 1540.7282452186412 960 540 0.01150838522702996
48 SIMPLE_RADIAL 1920 1080 1543.6190707821982 960 540 0.010749485813408228
49 SIMPLE_RADIAL 1920 1080 1544.638610958021 960 540 0.0072769441228212632
50 SIMPLE_RADIAL 1920 1080 1541.9621680739413 960 540 0.012675669122195124
51 SIMPLE_RADIAL 1920 1080 1540.1927810744994 960 540 0.013596518474625769
52 SIMPLE_RADIAL 1920 1080 1558.0842059023778 960 540 -0.01299473726565906
53 SIMPLE_RADIAL 1920 1080 1546.6800544436901 960 540 -0.0055200882480909682
54 SIMPLE_RADIAL 1920 1080 1558.6487039457497 960 540 -0.014847323425604107
55 SIMPLE_RADIAL 1920 1080 1562.3837513761277 960 540 -0.01085699418612103
56 SIMPLE_RADIAL 1920 1080 1580.2928012609611 960 540 -0.015745348980515137
57 SIMPLE_RADIAL 1920 1080 1566.2979460364315 960 540 -0.0053443554236555059
58 SIMPLE_RADIAL 1920 1080 1566.1629654860171 960 540 -0.013612995270687902
59 SIMPLE_RADIAL 1920 1080 1560.2685956365383 960 540 0.00070304154413948711
60 SIMPLE_RADIAL 1920 1080 1560.289467133266 960 540 0.010578066445755777
61 SIMPLE_RADIAL 1920 1080 1548.5125558229997 960 540 0.021169240311374161
62 SIMPLE_RADIAL 1920 1080 1551.5523767407299 960 540 0.012622782802195073
63 SIMPLE_RADIAL 1920 1080 1544.577029219897 960 540 0.025498869136210186
64 SIMPLE_RADIAL 1920 1080 1562.9712668790219 960 540 0.012228016342677339
65 SIMPLE_RADIAL 1920 1080 1540.531323176097 960 540 0.029368320909653019
66 SIMPLE_RADIAL 1920 1080 1572.7254844736512 960 540 0.022016513664611305
67 SIMPLE_RADIAL 1920 1080 1581.0379199033525 960 540 -0.015660178284708531
70 SIMPLE_RADIAL 1920 1080 1563.709521952509 960 540 -0.01816949923695773
84 SIMPLE_RADIAL 1920 1080 1610.7523145522575 960 540 0.038583777387905444
85 SIMPLE_RADIAL 1920 1080 1579.8353573515008 960 540 0.020384195672181339
86 SIMPLE_RADIAL 1920 1080 1568.6041731305265 960 540 0.040983698217371474
87 SIMPLE_RADIAL 1920 1080 1576.0538300595747 960 540 0.031124931126330208
88 SIMPLE_RADIAL 1920 1080 1574.4972439973401 960 540 0.030041332770216072
89 SIMPLE_RADIAL 1920 1080 1572.0291911033162 960 540 0.02153488461087032
93 SIMPLE_RADIAL 1920 1080 1531.7056527426626 960 540 0.069566240020704703
96 SIMPLE_RADIAL 1920 1080 1546.4879276564993 960 540 0.054493335893342612
98 SIMPLE_RADIAL 1920 1080 1546.5860939089853 960 540 0.032325919908591919
100 SIMPLE_RADIAL 1920 1080 1543.735543265464 960 540 0.020148078768737566
101 SIMPLE_RADIAL 1920 1080 1539.9123275823092 960 540 0.012339336364732539
102 SIMPLE_RADIAL 1920 1080 1548.9777384385688 960 540 0.023110161997247282
103 SIMPLE_RADIAL 1920 1080 1543.9595466354826 960 540 0.02415951225893118
104 SIMPLE_RADIAL 1920 1080 1545.5629340267221 960 540 -0.0018384069103666351
105 SIMPLE_RADIAL 1920 1080 1558.7017135765352 960 540 -0.0078064045067057679
106 SIMPLE_RADIAL 1920 1080 1574.3595807009781 960 540 -0.015391742590976752
107 SIMPLE_RADIAL 1920 1080 1570.8965995397489 960 540 -0.00084696079338924591
108 SIMPLE_RADIAL 1920 1080 1560.3052881090998 960 540 -0.016678222932672702
109 SIMPLE_RADIAL 1920 1080 1560.7589802426075 960 540 0.011200052508460148
110 SIMPLE_RADIAL 1920 1080 1559.6302406973787 960 540 0.015393422701157128
111 SIMPLE_RADIAL 1920 1080 1558.5489582111152 960 540 0.0039958654110908041
112 SIMPLE_RADIAL 1920 1080 1560.3519213687105 960 540 0.018561299452059865
113 SIMPLE_RADIAL 1920 1080 1554.1986124885159 960 540 0.02549542980331683
114 SIMPLE_RADIAL 1920 1080 1554.0738824209056 960 540 -0.0035968290896749985
115 SIMPLE_RADIAL 1920 1080 1568.6909717293324 960 540 -0.012804368920191087
116 SIMPLE_RADIAL 1920 1080 1575.5439904729753 960 540 -0.0043378964085432452
117 SIMPLE_RADIAL 1920 1080 1610.7325188569139 960 540 -0.027852643834546043
414 SIMPLE_RADIAL 1920 1080 1779.7661045049363 960 540 -0.012451687312632801
415 SIMPLE_RADIAL 1920 1080 1748.3662136196181 960 540 0.013315857465517202
416 SIMPLE_RADIAL 1920 1080 1726.9304743910984 960 540 0.026602639544729766
417 SIMPLE_RADIAL 1920 1080 1716.049987832828 960 540 0.033833181280387425
418 SIMPLE_RADIAL 1920 1080 1712.3147853193282 960 540 0.037256245926980035
419 SIMPLE_RADIAL 1920 1080 1704.9505799088663 960 540 0.047113278787311301
420 SIMPLE_RADIAL 1920 1080 1720.5035114156087 960 540 0.036349074058691873
421 SIMPLE_RADIAL 1920 1080 1720.7437390820448 960 540 0.033981202498968507
422 SIMPLE_RADIAL 1920 1080 1697.3123152172523 960 540 0.055180901966398632
423 SIMPLE_RADIAL 1920 1080 1685.2758551691063 960 540 0.076444459849662569
424 SIMPLE_RADIAL 1920 1080 1694.7869484243568 960 540 0.033523995749808043
425 SIMPLE_RADIAL 1920 1080 1700.2822131857081 960 540 0.063905628928530731
426 SIMPLE_RADIAL 1920 1080 1675.9599244159213 960 540 0.0763376900423203
427 SIMPLE_RADIAL 1920 1080 1640.1228549986572 960 540 0.040511774362455018
428 SIMPLE_RADIAL 1920 1080 1641.0464796864444 960 540 0.031741992883225975
429 SIMPLE_RADIAL 1920 1080 1653.2824844506883 960 540 0.044689744720817222
430 SIMPLE_RADIAL 1920 1080 1639.656679938468 960 540 0.041714692939249759
431 SIMPLE_RADIAL 1920 1080 1637.3164869959735 960 540 0.040769358967450237
432 SIMPLE_RADIAL 1920 1080 1634.4259934705167 960 540 0.055712116825716175
433 SIMPLE_RADIAL 1920 1080 1647.3640640906626 960 540 0.049798895801410295
434 SIMPLE_RADIAL 1920 1080 1649.1308217758865 960 540 0.061604135604621468
435 SIMPLE_RADIAL 1920 1080 1640.9034296411764 960 540 0.082314936310917908
436 SIMPLE_RADIAL 1920 1080 1650.9850924655261 960 540 0.059485291285063177
437 SIMPLE_RADIAL 1920 1080 1646.489330258308 960 540 0.054866655718507878
438 SIMPLE_RADIAL 1920 1080 1636.773749188704 960 540 0.065828812023054808
439 SIMPLE_RADIAL 1920 1080 1641.1775537233439 960 540 0.054855699815704935
440 SIMPLE_RADIAL 1920 1080 1642.698846429184 960 540 0.047517389473551178
441 SIMPLE_RADIAL 1920 1080 1651.5222533404103 960 540 0.029477103115939252
442 SIMPLE_RADIAL 1920 1080 1653.1728125985339 960 540 0.023207940278911619
443 SIMPLE_RADIAL 1920 1080 1649.0704682730584 960 540 0.031404981730119713
444 SIMPLE_RADIAL 1920 1080 1657.9841703662576 960 540 0.019954552531668692
445 SIMPLE_RADIAL 1920 1080 1654.3983873456589 960 540 0.023536768892108824
446 SIMPLE_RADIAL 1920 1080 1648.1571048622811 960 540 0.026812436422830571
447 SIMPLE_RADIAL 1920 1080 1650.0691156191724 960 540 0.024492376431289715
448 SIMPLE_RADIAL 1920 1080 1649.875822547466 960 540 0.021063009422461938
449 SIMPLE_RADIAL 1920 1080 1650.9684941436988 960 540 0.0093980654139507493
450 SIMPLE_RADIAL 1920 1080 1650.3582495779947 960 540 0.0054314751526993122
451 SIMPLE_RADIAL 1920 1080 1728.2472442578817 960 540 0.02730187823154296
452 SIMPLE_RADIAL 1920 1080 1657.4565285923607 960 540 0.047986684298864803
453 SIMPLE_RADIAL 1920 1080 1658.7049277301455 960 540 0.085627587526744556
454 SIMPLE_RADIAL 1920 1080 1664.3756135944016 960 540 0.096282109358305792
455 SIMPLE_RADIAL 1920 1080 1696.5013563306295 960 540 0.076513352691848557
456 SIMPLE_RADIAL 1920 1080 1675.5224867569318 960 540 0.10941712045006916
457 SIMPLE_RADIAL 1920 1080 1682.2089590453156 960 540 0.26791834639309386
458 SIMPLE_RADIAL 1920 1080 1657.5952794055977 960 540 0.030839957475358466
459 SIMPLE_RADIAL 1920 1080 1640.7037435689508 960 540 0.04699581587548006
460 SIMPLE_RADIAL 1920 1080 1633.7722812948791 960 540 0.043830377312348186
461 SIMPLE_RADIAL 1920 1080 1621.7241177729161 960 540 0.062443439052773594
462 SIMPLE_RADIAL 1920 1080 1613.8581424303829 960 540 0.02023161433095641
463 SIMPLE_RADIAL 1920 1080 1612.9834519609237 960 540 0.033658791091644075
464 SIMPLE_RADIAL 1920 1080 1603.5505353987448 960 540 0.046890307663748888
465 SIMPLE_RADIAL 1920 1080 1592.7884131152468 960 540 0.046692052773695453
466 SIMPLE_RADIAL 1920 1080 1597.3766415104146 960 540 0.064200234516200688
467 SIMPLE_RADIAL 1920 1080 1589.4639018234793 960 540 0.093528987251748408
468 SIMPLE_RADIAL 1920 1080 1598.1010003935271 960 540 0.070962874654553934
469 SIMPLE_RADIAL 1920 1080 1583.0442997489304 960 540 0.098177216339253276
470 SIMPLE_RADIAL 1920 1080 1589.7689765719228 960 540 0.042782025583633677
471 SIMPLE_RADIAL 1920 1080 1609.0517193089122 960 540 -0.0012221170870340312
472 SIMPLE_RADIAL 1920 1080 1598.5086583847342 960 540 -0.011950553970136089
