# Frame list with one line of data per frame:
#   FRAME_ID, RIG_ID, RIG_FROM_WORLD[QW, QX, QY, QZ, TX, TY, TZ], NUM_DATA_IDS, DATA_IDS[] as (SENSOR_TYPE, SENSOR_ID, DATA_ID)
# Number of frames: 313
1 1 0.81626286280588967 0.0078591454608356731 0.55365644844205542 0.16467455703626055 0.7585740055041601 -0.87432245962050736 3.0388521632255974 1 CAMERA 1 1
2 1 0.81275725972813728 0.010631181693135611 0.55374925656606855 0.18076054765225477 0.74520610579303237 -1.0702723526749558 2.9623595600491801 1 CAMERA 1 2
3 1 0.77182904285712939 0.034898570858909538 0.58878956388247983 0.23746340311157904 0.81657407298730278 -1.5118630697536775 2.6322934392106609 1 CAMERA 1 3
4 1 0.71599988463055508 0.027027185775986763 0.65382112276171556 0.24316997320531139 0.92455535495547547 -0.91163510295873751 2.4921656323763006 1 CAMERA 1 4
5 1 0.75639970696028602 0.0031655256131772509 0.62015348126205361 0.20798827475735621 0.53555238564590546 -0.97517457738567204 2.6208222751385706 1 CAMERA 1 5
6 1 0.78333269779169012 -0.014644144131288514 0.59784897392874681 0.16956425916271256 0.21528821808668511 -1.1283518405809008 2.660749123329587 1 CAMERA 1 6
7 1 0.74688296567559198 -0.069001184267347346 0.64207963007256796 0.15855100377862805 -0.08594172810110999 -0.18968954362016269 2.409691461297256 1 CAMERA 1 7
8 1 0.75134862070301156 -0.025698385594625246 0.63387914701098047 0.18169224014839994 -0.12228320918171015 -0.69956495979181099 2.277105605369683 1 CAMERA 1 8
9 1 0.74009524522363779 0.024131777983654939 0.63401355689363115 0.22294280648587306 -0.14504621944561377 -1.296008176089767 2.0386751829105312 1 CAMERA 1 9
10 1 0.73187203974840986 -0.076535805085083453 0.65981546606388264 0.15214841017040345 -0.5787988410128253 0.058066285588033624 1.8475432000211911 1 CAMERA 1 10
11 1 0.73727702321047117 -0.044818674506100005 0.64973093017966588 0.17962069989087762 -0.59608515732015843 -0.44586024240568284 1.7544271477131017 1 CAMERA 1 11
12 1 0.72183649923609527 9.0693342942666039e-05 0.65497023859431802 0.22353086297198027 -0.5490526086447961 -1.1564437094725626 1.6151454483651309 1 CAMERA 1 12
13 1 0.6769534211595819 -0.090358467205562523 0.71279139630053712 0.159680425677444 -0.79072504309138236 0.28420497414934243 1.5722013233436989 1 CAMERA 1 13
14 1 0.71951357739782329 -0.074015344249941828 0.67393116353403915 0.1504617146433119 -0.91337012129368311 -0.33767345901400408 1.3464479864972851 1 CAMERA 1 14
15 1 0.70854985994598063 -0.075783248979275283 0.68184526493001385 0.165230232818318 -0.84740158254090192 -0.83350227881840711 1.3039012042966893 1 CAMERA 1 15
16 1 0.65691078581408502 -0.080136332281950218 0.73467134445682947 0.14934658805447407 -0.72766176806378702 -1.1125766764209581 1.4482027006797413 1 CAMERA 1 16
17 1 0.71055375885288397 -0.1272841414596797 0.67132886032997785 0.16801685749044062 -1.4213284213525836 0.30260472557073259 0.79774964814199256 1 CAMERA 1 17
18 1 0.71172619767629852 -0.12335602249255162 0.67608814980030962 0.14537511807613385 -1.4484558532859226 -0.00036212614224159729 0.67594448323290546 1 CAMERA 1 18
19 1 0.69203044219627707 -0.10118393899204772 0.70436353767670135 0.12135767118415298 -1.4207846328927862 -0.17216860429967665 0.74192595878019485 1 CAMERA 1 19
20 1 0.70553350787910629 -0.053176811700890676 0.69035854637557992 0.15099593836698805 -1.5056234963699864 -0.65111102558882794 0.616677463941538 1 CAMERA 1 20
21 1 0.68516235082341115 0.01777448260502074 0.70069372051865764 0.19815380593867568 -1.5661880917520885 -1.0631543969179629 0.58110601837220255 1 CAMERA 1 21
22 1 0.58784817451726135 -0.08858917672598704 0.77918119803120478 0.19865332143810707 -1.5882278677962571 0.210475742970824 1.1200465195592073 1 CAMERA 1 22
23 1 0.60185303920659228 -0.089147964444652894 0.7664806887814164 0.20574963756548517 -1.6188130409202333 -0.11548519266001828 0.9914813766362135 1 CAMERA 1 23
24 1 0.60182606006360406 -0.051465073050423638 0.77412060184812514 0.18945720751275275 -1.6577828433840656 -0.2804074134822086 0.87856899532402843 1 CAMERA 1 24
25 1 0.58748007547692715 0.013461386544410807 0.7700072727318682 0.24854527138925098 -1.706677788244773 -0.74997215809715267 0.84033024898017294 1 CAMERA 1 25
26 1 0.54574078891353639 0.051966087688058125 0.78897002795222848 0.2774757864021436 -1.712571657406522 -1.234637224745059 0.81336294814230214 1 CAMERA 1 26
27 1 0.55169167786664863 -0.079569492140948536 0.80863794728784577 0.18817454317524701 -2.1141917796552838 0.21454354534115483 1.060662826283411 1 CAMERA 1 27
28 1 0.58187285773716613 -0.059607527171029545 0.78428418099383646 0.20680726190384535 -2.1947716586997945 -0.086111800984896472 0.78511712329740224 1 CAMERA 1 28
29 1 0.55566867558455413 -0.01144473507877778 0.78949457105583398 0.26038368475472684 -2.175562475660366 -0.54898222631552807 0.73428746714107607 1 CAMERA 1 29
30 1 0.50288614042082624 0.021677603091918483 0.78951100925148165 0.35115235663105188 -2.2189703222594215 -1.4264234276514642 0.69609612056198289 1 CAMERA 1 30
31 1 0.50717765484825506 -0.015801983478964363 0.80571239707577147 0.3055301244381135 -2.0365232989130226 -1.0085234156841891 0.81651658886220946 1 CAMERA 1 31
32 1 0.48852882688034449 0.073266473797369877 0.79928034849164031 0.34223169584259117 -2.2269656203664909 -1.4946035915408573 0.73160519122214951 1 CAMERA 1 32
33 1 0.57014468719901168 0.028031990449769478 0.7427891437510048 0.34987645118786476 -2.3677699189967565 -0.94879160009796304 0.27625994604500553 1 CAMERA 1 33
34 1 0.54984933155536386 0.0069423620348946476 0.77344217435156559 0.31528513940847008 -2.5949015763430756 -0.51174839429506236 0.53140755231195491 1 CAMERA 1 34
35 1 0.49313339334631162 -0.078975632781881272 0.83836570536198174 0.21846109462867824 -2.5649466540000216 -0.095333740274547579 1.129237282464292 1 CAMERA 1 35
36 1 0.48996509872484667 -0.086140359391859489 0.84010246872583438 0.21619871081056671 -2.6905328647376563 -0.3802178282745603 1.1120544862914512 1 CAMERA 1 36
37 1 0.49569721808146416 -0.031244013714055281 0.83416158859135592 0.23975513281696148 -2.8694415406259699 -0.54423003914131041 1.0483537406259007 1 CAMERA 1 37
38 1 0.46928006800327832 0.028316098590479937 0.82397134628344038 0.31629991596474938 -2.9548602678984648 -1.1112871638909989 1.0424033353214266 1 CAMERA 1 38
42 1 0.50077995673602271 0.00051571685235936868 0.79636418857031521 0.33915077492221513 -3.2921321085256192 -0.99559211281152393 0.74012506286011548 1 CAMERA 1 42
43 1 0.51451531524754357 -0.07735586137419545 0.82552566870418165 0.21862623675417087 -3.5581683679446883 -0.17136742541407335 0.81582434948209248 1 CAMERA 1 43
44 1 0.38610754145778436 -0.10078602778021184 0.90093428545831034 0.17053022113231295 -3.6589523842290919 0.034221340989689063 1.9995915676105638 1 CAMERA 1 44
45 1 0.33700927261862329 -0.11791195385428764 0.91813188236169896 0.17191674699776691 -3.811434714034347 -0.19300721759792683 2.2432647639929817 1 CAMERA 1 45
46 1 0.35260885225222388 -0.075474498736912005 0.91089129947790848 0.20061813948202348 -4.0331319237877841 -0.36510240841004504 2.3915821003569695 1 CAMERA 1 46
47 1 0.26511061971354566 0.0031374664030645451 0.9256142727594161 0.27008282745062978 -3.6367375094597958 -0.86031057803900701 3.1847571615521799 1 CAMERA 1 47
48 1 0.23233756182964729 0.027165516385061761 0.92059639609963906 0.31270364176156373 -3.4744317975134242 -1.3302834468961298 3.2565636829981202 1 CAMERA 1 48
49 1 0.15311811022837488 0.048825033987658584 0.91869854309909815 0.36078240988688703 -3.0270955610082408 -2.0085062651812233 3.5958256706866134 1 CAMERA 1 49
54 1 -0.089625558089516832 -0.025096813869489379 0.8900533167842053 0.44625385438355386 -1.3355290791711587 -3.6999460303320908 4.3959939975441316 1 CAMERA 1 54
55 1 -0.0084768804844773185 -0.025416765275389851 0.90271939832571058 0.42939471168920401 -2.2695722995110059 -3.2119698991133654 4.5077821768072885 1 CAMERA 1 55
56 1 -0.0092453378875987889 -0.041247959385491285 0.93060616809634 0.36357294931680983 -2.2979887558856387 -2.4390545028968744 5.0145983532912242 1 CAMERA 1 56
57 1 -0.016619228819756329 -0.048378436519398132 0.95740700960374381 0.28417449933974048 -2.2297611280745895 -1.3653615532613763 5.4273270309150021 1 CAMERA 1 57
58 1 -0.025954717652091178 -0.050562135177514067 0.97517206385243904 0.21403100009032741 -2.1580212826399019 -0.40040919387241242 5.6922757108293496 1 CAMERA 1 58
59 1 -0.12485657308840259 -0.023945905805088815 0.97483796304109782 0.18310755190782721 -1.7489760656761824 0.17764679781286749 5.621223144981788 1 CAMERA 1 59
60 1 -0.15183083078627393 -0.016843945392517507 0.96973554217993674 0.19046432358672286 -1.4603865453895299 -0.11822957380278262 5.6897680112704911 1 CAMERA 1 60
61 1 -0.15393699295678848 -0.0185159507261233 0.96727167358274702 0.20086331485007727 -1.4640431660186959 -0.42950990561348795 5.6229606649479908 1 CAMERA 1 61
62 1 -0.17020432089001253 -0.017877515203231959 0.94890308412990676 0.26512981825754545 -1.2725969357828952 -1.4108211515643374 5.4921934216813124 1 CAMERA 1 62
63 1 -0.18954926798277194 -0.0013590053035087823 0.92359219072519627 0.33323669267236011 -1.0940188516824065 -2.334537288016334 5.1933780599173884 1 CAMERA 1 63
64 1 -0.20715372546981903 -0.032745251537766959 0.89779800685871669 0.38726453672679467 -0.89696525974629426 -3.3187265412363636 4.7446075006998587 1 CAMERA 1 64
65 1 -0.20827585829486567 -0.014641926104808512 0.89196145475135613 0.40101314702802809 -0.96216147295779153 -3.734146485045839 4.5672821347190968 1 CAMERA 1 65
66 1 -0.17227080257192409 -0.03830569017911311 0.88455180951441814 0.43176792489240701 -1.3854103122983821 -3.7390474738866475 4.3615909036163734 1 CAMERA 1 66
67 1 -0.14006823919421563 -0.054955754124114527 0.89784839352822587 0.41379827899166749 -1.7474537111252439 -3.4029196613141286 4.4049296224949011 1 CAMERA 1 67
68 1 -0.11908441746119186 -0.088206181885730039 0.92378864970453523 0.35306246143160247 -2.0082802574794991 -2.5495052155023536 4.6721430099140422 1 CAMERA 1 68
69 1 -0.13699762180030797 -0.067018186626488313 0.91563023603015847 0.37196973687346291 -1.9660997498747808 -2.6646904672386804 4.7500793690581062 1 CAMERA 1 69
70 1 -0.16220223945129264 -0.074292373769281494 0.93211578365069658 0.31516859390802021 -1.7779554857983944 -1.9039227501884113 5.1654881655163809 1 CAMERA 1 70
71 1 -0.23451630294253187 -0.055923305590810116 0.94356568450842748 0.22706493909035452 -1.142195804273338 -0.66651474733910354 5.6848453391720604 1 CAMERA 1 71
72 1 -0.28877938801041964 -0.049206791696941268 0.93642933342503898 0.19309391552391925 -1.1515472563394589 -0.27915980400651685 5.5356650170385295 1 CAMERA 1 72
73 1 -0.28062850065245576 -0.057132445429101862 0.93099329638613537 0.22635151951096499 -1.3174032915166412 -0.89794174611120114 5.4399608270319604 1 CAMERA 1 73
74 1 -0.26890624439868627 -0.037766067555530983 0.9207816684115232 0.28004334482732635 -1.4607484109235562 -1.5428691814601787 5.2037721665082692 1 CAMERA 1 74
75 1 -0.28251203469446917 -0.04243055547117093 0.89077038501060046 0.353432765039216 -1.3303342866431842 -2.5157852106016723 4.8923120490890026 1 CAMERA 1 75
76 1 -0.29040893716773319 -0.046776510084979968 0.86664382212026614 0.4029926710228785 -1.2538196194673712 -3.2264296252167108 4.536521013993366 1 CAMERA 1 76
80 1 -0.201317069348073 -0.067262980193419336 0.89523008852031816 0.39180379999753218 -2.6767737812734498 -3.2755448186644487 4.2695182955435333 1 CAMERA 1 80
81 1 -0.19211000248119883 -0.072810386329410073 0.91982633972711403 0.33423330075481089 -2.8785834750051387 -2.4634213280115307 4.6185662116916735 1 CAMERA 1 81
82 1 -0.21501768544603297 -0.052480994070485162 0.92800319788482444 0.29970519668891954 -2.770898126077888 -1.7872700931676659 5.0306256674294207 1 CAMERA 1 82
83 1 -0.28288221140887149 -0.035727522152743468 0.9281181830349331 0.23936966589187134 -2.0911453156215667 -0.98456954370802352 5.6388981128415772 1 CAMERA 1 83
84 1 -0.34353997916930162 -0.021913987271598667 0.91777587876984446 0.19795831940703101 -1.4073763482380339 -0.43379527681024943 5.9497267111101202 1 CAMERA 1 84
85 1 -0.39407188157387113 0.038796396654704086 0.91002029849089283 0.12274057232222033 -1.3160255298811618 0.75775312107566906 5.7061632693345672 1 CAMERA 1 85
86 1 -0.41608052877681095 -0.014182056887611857 0.88847950542972631 0.19308037514619372 -1.2696573818282391 -0.54935657293847917 5.9270627515089522 1 CAMERA 1 86
87 1 -0.41738837749389446 -0.014353229755098037 0.8748520466247004 0.24538708940199938 -1.2998581094246224 -1.2881371631926106 5.9198400278578669 1 CAMERA 1 87
88 1 -0.41812946909291149 -0.019403981977500276 0.84791114659986466 0.32532740436550928 -1.3468050488676262 -2.354577473228157 5.5944401221576632 1 CAMERA 1 88
89 1 -0.44363419823059769 -0.037366636371614602 0.81793470644996358 0.36438338138721182 -1.0893296179137508 -3.1913995166156623 5.2523680021856443 1 CAMERA 1 89
93 1 -0.422128614478749 -0.1023175426929897 0.78190439670401457 0.44717342017437839 -2.1158815453601751 -4.2327789687416102 4.3585582941049239 1 CAMERA 1 93
94 1 0.51393171255782377 0.068368423182218863 -0.77913665500241058 -0.35234361973876344 -0.95593429322070145 -3.1756488729390915 5.6086984960290387 1 CAMERA 1 94
95 1 0.53902564483431148 0.045752696828859338 -0.79631658477567224 -0.27062509446659039 -0.70200671326319031 -2.0589914491633055 6.2326900375095242 1 CAMERA 1 95
96 1 0.54335188398507062 0.0082278039776098183 -0.81943005628589294 -0.18230583168642359 -0.75631625292025217 -0.60184120128830276 6.5939524889216043 1 CAMERA 1 96
97 1 -0.48951840379275452 0.020137705155103911 0.86236708519022076 0.12762921123239193 -1.8422383478494173 0.41235265407182475 6.4035401475899167 1 CAMERA 1 97
98 1 0.69073493817752951 -0.063225620831183327 -0.71118819406109135 -0.11445138129144433 0.78526432549777558 0.39254546822197856 6.9517199246739425 1 CAMERA 1 98
99 1 0.70824563302884536 -0.056889357197976373 -0.68834183618092271 -0.14607272468276605 1.0292423149501659 -0.25677709863118359 6.92419226320854 1 CAMERA 1 99
100 1 0.74685468538377775 -0.032520670556475 -0.64378064194171858 -0.16339207437316006 1.624530510523726 -0.88842890928733931 6.8070943551174707 1 CAMERA 1 100
101 1 0.78602346018358715 0.019298453912240211 -0.58588369130071927 -0.1963033111933207 2.2902031976249946 -1.9770278152173923 6.6251674626920263 1 CAMERA 1 101
105 1 0.86315542497309106 0.12893638468441629 -0.44177162310941986 -0.20778824331348367 3.0117390165049822 -3.6647820397944102 5.0308978180972304 1 CAMERA 1 105
106 1 0.88377320637248069 0.085284202016868843 -0.43210833974263946 -0.15796805787661761 3.2514648423811727 -2.4549073067889884 5.5378692732919825 1 CAMERA 1 106
107 1 0.87077946538164086 0.0055969403560018659 -0.47488730304844101 -0.12725504442533209 2.8340962980434266 -1.2030532471953044 6.2230831775644253 1 CAMERA 1 107
108 1 0.88190201938566615 -0.096363609331728148 -0.45512654135374631 -0.076306712387724365 3.1391776011284178 0.41511429304678199 6.1664124032489012 1 CAMERA 1 108
109 1 0.88799722787895585 -0.14361660596293674 -0.43393134607642236 -0.050386314245841154 2.851376953950131 1.0181395889510159 5.7604088422213513 1 CAMERA 1 109
110 1 0.90136586384347694 -0.11247682044220858 -0.41330582089825668 -0.06377180233090507 3.0325367883374996 0.43233102028635217 5.7237807106958316 1 CAMERA 1 110
111 1 0.91665823549609982 -0.053052174181256691 -0.37527169858965309 -0.12686330576433497 3.2760751256025702 -0.99790702628257744 5.4754046118125057 1 CAMERA 1 111
112 1 0.92131861095251077 -0.023461202349185719 -0.35668621209563678 -0.15295925992803924 3.3950147110731321 -1.7825125964231803 5.314746880837296 1 CAMERA 1 112
113 1 0.9169732419803267 0.076900827990408344 -0.34260597169964407 -0.18938712813235667 3.3498969505066594 -3.2822985432245271 4.7606084884941762 1 CAMERA 1 113
114 1 0.92381595643140557 0.097132619508341345 -0.31397937649073482 -0.19633207585278767 3.6011595422787073 -3.5878634378139975 4.2960563264278626 1 CAMERA 1 114
115 1 0.92014816998963078 0.09079481821644321 -0.30399498351251186 -0.22950097221799337 2.7916006680794312 -3.20840851844381 3.8348544397765298 1 CAMERA 1 115
116 1 0.93078343891364346 0.066213837202532558 -0.32597311101935478 -0.15165569062640433 3.0307891757287515 -2.0660244170747539 4.3658646390251672 1 CAMERA 1 116
117 1 0.93248708483193965 0.0083103963528538324 -0.34427351888691543 -0.10897026258255264 3.0182208658576695 -1.1249594285658044 4.7406607374856673 1 CAMERA 1 117
118 1 0.86128373368441047 -0.02170993695979951 -0.49294338509375224 -0.12135002192070642 1.3103160318519902 -0.67124364892457766 5.5402398611241734 1 CAMERA 1 118
119 1 0.81381102132124283 -0.11006510972465725 -0.56234568671760632 -0.096770976162684416 0.47333494783131691 0.59732650418309274 5.6706157268501372 1 CAMERA 1 119
120 1 0.81482745269286871 -0.052795930018693885 -0.56297571421242809 -0.12777776535265647 0.2709482358689434 -0.30755437100841482 5.5528620480409741 1 CAMERA 1 120
121 1 0.817190462349353 0.016678755926625283 -0.54778966100158033 -0.17846023267317704 0.07711307383213678 -1.3648626290155712 5.1159747883378053 1 CAMERA 1 121
122 1 0.88216531383841412 0.0624463035132884 -0.43637017294086772 -0.16572836331013435 1.2696692004080028 -1.908730858808545 4.6686596538409129 1 CAMERA 1 122
123 1 0.93318445048263443 0.16391957332231036 -0.26333967649378559 -0.18151961228309108 2.5456503964609096 -2.8593815163056648 3.3517956303668326 1 CAMERA 1 123
124 1 0.97267989497728113 0.21307131634297088 -0.053085477393890572 -0.07534167604136198 4.0439941269022901 -2.2641110391879198 1.8457855455001246 1 CAMERA 1 124
125 1 0.99759904228409058 0.047614709927005651 0.038415238060180157 -0.032453963043243987 4.5530081322905893 -0.96865794953508844 1.7369308779193016 1 CAMERA 1 125
126 1 0.9948444322188098 -0.045386873639383651 -0.081216895454249788 -0.040353479122004078 3.9043762483609576 -0.33968965660492484 3.0387983818271702 1 CAMERA 1 126
127 1 0.9824741418984676 -0.14335728429623673 -0.11400259127629861 -0.034592755345117909 3.6602997938870172 0.45001512821421008 3.3730580497449281 1 CAMERA 1 127
128 1 0.98345567612789553 -0.14077762536848698 -0.1057401136544571 -0.042610112083593811 3.0385588557126457 0.4989787686842525 3.4416959577529225 1 CAMERA 1 128
129 1 0.99200254814905298 -0.074646834176458732 -0.093141976621284706 -0.041028853314442969 2.8384290746569669 -0.15295935525200496 3.541066135515516 1 CAMERA 1 129
130 1 0.99475988326685361 -0.011598984972072224 -0.086744533971372967 -0.052854744504377243 2.7941268329008242 -0.82133716470033813 3.4482900764972135 1 CAMERA 1 130
131 1 0.99349270661700972 0.046490171782006776 -0.078668443058399942 -0.067986630253714084 2.6433328575002615 -1.5749066347377452 3.1411746177086921 1 CAMERA 1 131
132 1 0.99469089378164366 0.080101240535246809 -0.04194016537889883 -0.049141017699883216 2.814106061005869 -1.9075342919886691 2.7241706948520092 1 CAMERA 1 132
133 1 0.99189745277746832 0.12334883630031156 -0.017102405557166744 -0.025139918080358328 2.9354441864888559 -2.2804884157754675 2.2581354691566986 1 CAMERA 1 133
134 1 0.98895549234591562 0.14691135725600382 0.013899509620667166 -0.013816327310525347 2.6895853274644321 -2.4814318087231997 2.044295761588196 1 CAMERA 1 134
135 1 0.98922939554206124 0.12795719802458375 -0.034505485205600248 -0.062141209836241176 2.1336387258572365 -2.3377124371838085 2.5744572167977879 1 CAMERA 1 135
136 1 0.99674989409346715 0.075929594802798012 -0.0036337670652749608 -0.026667226977326937 2.3281517623429835 -1.6364844509329814 2.9610887089214835 1 CAMERA 1 136
137 1 0.99989774860233271 0.0034658019335011641 0.013628536654524131 -0.0025968337644616136 2.4625778867637083 -0.80446435730968036 3.2555217925120745 1 CAMERA 1 137
138 1 0.99748644947761711 -0.070287401848116021 0.0068723805797624255 -0.0057649488415655774 2.3770469888159558 -0.098972616627837531 3.4911353606349271 1 CAMERA 1 138
139 1 0.99609613725421542 -0.083890367133170884 0.026759629519923285 -0.0062300784464882257 2.4868090125849998 0.2309447389122791 3.4781614851628975 1 CAMERA 1 139
140 1 0.98919235808971206 -0.11482024435244023 0.091160464504486741 -0.0021353910852473061 2.0538986916042878 0.42493450976526459 3.2679986039927251 1 CAMERA 1 140
141 1 0.98957022271821393 -0.11604852993295804 0.084758130337027726 -0.0099785946703675396 1.9642290000043894 0.2178634000865167 3.3146938885271839 1 CAMERA 1 141
142 1 0.99325604747491258 -0.079943268118035871 0.083745090441965403 -0.0061852941715834888 1.9271581543154168 -0.30241697314469951 3.1785686215137949 1 CAMERA 1 142
143 1 0.99315598977429076 -0.032306636330727646 0.11221211122354031 0.0024296747105014773 2.0308156331340164 -0.85692371949419177 2.7688567315072183 1 CAMERA 1 143
144 1 0.99349648447685446 0.052216824647709464 0.10065060296639169 -0.010372785466949587 1.8733978345919187 -1.7504041389828706 2.5778177313432802 1 CAMERA 1 144
145 1 0.98559657301821557 0.1112193637189221 0.12721615754715299 -0.0067600035240747555 1.9077743692395157 -2.4507580148313655 2.1376302805746268 1 CAMERA 1 145
147 1 0.98733220890010509 0.11816965301748468 0.10201258306046349 0.028363273286037573 1.4231311595654774 -2.1124863298857854 2.3087531442870919 1 CAMERA 1 147
148 1 0.98984577043839395 0.088555267954463904 0.10860830378888664 0.023823341722699981 1.4183354076147925 -1.7864641920273057 2.5502259629855426 1 CAMERA 1 148
149 1 0.99502220707418421 0.033639006020867994 0.090083850493171316 0.026155775336841779 1.3761183108849873 -1.2288823071098014 2.8691903169204491 1 CAMERA 1 149
150 1 0.99287723049953092 -0.015572425045056215 0.1076042042378447 0.048720016052314651 1.4426723864551667 -0.62688282740912638 2.94578216364213 1 CAMERA 1 150
151 1 0.98733320734467622 -0.08016248904026689 0.13161996083689956 0.037726634287154226 1.5141138958604321 -0.067060511620436414 2.9457073589164589 1 CAMERA 1 151
152 1 0.9738610611120917 -0.14979457882036712 0.16813131164702386 0.02980066860845627 1.6869476040430451 0.58128216684604506 2.8554617761844177 1 CAMERA 1 152
153 1 0.93751594084222445 -0.22758044506655731 0.26246871778043274 -0.019523674775054775 1.0450722412732492 0.94280711652289984 2.0254088121859928 1 CAMERA 1 153
154 1 0.94976445337660453 -0.095869992464015216 0.29627137200395148 0.031300188147764106 1.0534555556666552 0.06278664770347378 2.1296094609457721 1 CAMERA 1 154
155 1 0.94473690092204288 -0.020481750869419734 0.32206333547906102 0.057687900444018524 1.1162825080076093 -0.50664940072173248 2.0458196914077669 1 CAMERA 1 155
160 1 0.84629831895508512 0.25786440953954698 0.42034920082608374 0.20147369801413406 0.70574483285734846 -1.8497715142884246 0.90178534651881392 1 CAMERA 1 160
161 1 0.86001443404132127 0.20589907858173839 0.41449590977163592 0.2148810914491105 0.74474490488005651 -1.5637725686833572 1.3036008306763032 1 CAMERA 1 161
162 1 0.88263515008082349 0.057310047614474481 0.43648949186914721 0.16476551147628715 0.75199382638597601 -0.8876585891287776 1.9118007906903454 1 CAMERA 1 162
163 1 0.87981007203306461 -0.070746969551232511 0.45853772152645794 0.1033066376658112 0.78340568427075263 -0.15432645750976512 2.1795092910962546 1 CAMERA 1 163
164 1 0.89247903891892766 -0.10253536411307002 0.43286815622924296 0.07478518248452154 0.39698553395467334 0.31842653589448505 2.4211325812888944 1 CAMERA 1 164
165 1 0.85875450584504875 -0.11931536396769933 0.4881340840033257 0.10014818343992024 0.1872545277922277 0.16908212503145928 2.2313502768626416 1 CAMERA 1 165
166 1 0.84309529097278313 -0.05888633316856471 0.51466408557005461 0.14437315931231304 0.10153550600520631 -0.41225444611164302 2.3813364086844899 1 CAMERA 1 166
167 1 0.83406608481986899 -0.01904221643800124 0.53608225612056226 0.1287904298427158 0.13899308984147254 -0.70819658158633614 2.346539812392836 1 CAMERA 1 167
168 1 0.82829976743226286 0.015648044636520204 0.53871463880385706 0.15317040154397607 0.10354181301278505 -1.0857459243908514 2.2113564287145056 1 CAMERA 1 168
169 1 0.78407158473669103 0.051760857266515706 0.58571787693449828 0.19871369430130667 0.26205769911190502 -1.5235153376255841 2.0758593417620994 1 CAMERA 1 169
172 1 0.81090393267008021 0.04160481109702293 0.54672802552025113 0.20443169466720842 -0.5335007516005934 -1.2862351658880482 2.1109519702220454 1 CAMERA 1 172
173 1 0.7983869618181233 -0.0090097953905050841 0.57908835096733913 0.16478399363947865 -0.53612230881079181 -0.72929119315015767 2.3126131932044451 1 CAMERA 1 173
174 1 0.77014296971340657 -0.08645894486173808 0.61645170197808352 0.1392550041568848 -0.34472495471651532 -0.10885114690499288 2.4796558465176282 1 CAMERA 1 174
175 1 0.72992396926902281 -0.17292084426536053 0.65531898544764999 0.088692773194731372 -0.19960092822568137 0.67007289458434649 2.2113997369823823 1 CAMERA 1 175
176 1 0.73628941046014362 -0.17583835866407224 0.64838395752705502 0.080975423976249183 -0.75038089729693325 0.68710978869636474 2.1327930738140433 1 CAMERA 1 176
177 1 0.7556739074545874 -0.13230112457551746 0.63507153194028154 0.090208133488024714 -0.85702786111900031 0.31415941025496452 2.0767886291426447 1 CAMERA 1 177
178 1 0.77601958968584084 -0.070263412465426028 0.61608024717763143 0.11533333572771325 -0.96492330931170689 -0.19797430782636402 1.9706511232038177 1 CAMERA 1 178
179 1 0.78474266452514674 -0.0056362588240146611 0.60365163166183744 0.14054141970409734 -1.047618353476834 -0.74315951317317708 1.7196409331556897 1 CAMERA 1 179
180 1 0.76158930214531007 0.064203358811103506 0.60724942622311084 0.21704330887381679 -0.92548482565212375 -1.3929137196924501 1.3547052746356012 1 CAMERA 1 180
181 1 0.73848497595547091 0.096491071634072612 0.62547486958608511 0.23261685428881906 -0.96475541234668571 -1.7162667231985183 1.2297920260605089 1 CAMERA 1 181
182 1 0.67278660424025027 0.093038009304167613 0.68256258723672225 0.26983407583976954 -0.76857688653452483 -1.4044628136206287 1.1360532919512398 1 CAMERA 1 182
185 1 0.66049413007347435 -0.0019509159389290906 0.70732477313021036 0.25186377941613647 -0.7063636115301839 -0.5888556489737593 1.643365866120335 1 CAMERA 1 185
186 1 0.67601383709223861 -0.087924259772522759 0.71401601438487572 0.15954857506483491 -0.75663042154539495 0.031835806285213958 1.7765403603061583 1 CAMERA 1 186
187 1 0.67342706173787326 -0.1920725432938605 0.70873120981346871 0.085464629339042197 -0.82148310840729777 0.63817525265463448 1.7603233074879354 1 CAMERA 1 187
188 1 0.77800049838241181 -0.081624567323918581 0.60856631771934222 0.13304018739998308 -1.3371228159278548 -0.053048543833581492 1.1603344375107527 1 CAMERA 1 188
189 1 0.77228328393927315 -0.05786700234573261 0.61970457736742912 0.12726419833302349 -1.4140631761416897 -1.0220245699297805 0.87513350353663366 1 CAMERA 1 189
193 6 0.7424136007809361 0.16646940380994033 0.58920266032938218 0.27193787531608493 0.96081992741239219 -1.8803308706464441 1.8520048179860578 1 CAMERA 6 193
194 7 0.75935686111496858 0.12127941357190931 0.59184672068644673 0.24163178709345218 0.88271619220344033 -1.6180790463728396 2.1128853854332057 1 CAMERA 7 194
195 8 0.76541698621303078 0.091034655679406454 0.59958700075947458 0.21527878948505563 0.86109247614647411 -1.4120625939765594 2.2373494938235594 1 CAMERA 8 195
196 9 0.77289283977717027 0.060202884910708465 0.60246532955111798 0.18986257545517635 0.81956305880936076 -1.1799522799341873 2.3918391717066911 1 CAMERA 9 196
197 10 0.7706842863850647 0.024668543615310679 0.61693409423545809 0.15757384632266219 0.84529660978296861 -0.89201682007307581 2.521416662832741 1 CAMERA 10 197
198 11 0.77633086947594365 -0.0079954514379693663 0.61535648660723685 0.13631892108370677 0.78211237204149486 -0.64158280033138138 2.6452816133498418 1 CAMERA 11 198
199 12 0.78294145196005194 -0.038465784371916632 0.60997896964470522 0.11596862863086235 0.69605954752875321 -0.40589433677920933 2.719809926748237 1 CAMERA 12 199
200 13 0.77710053366832244 -0.074669715266986042 0.61675312011864125 0.10077094332334408 0.72352383964920097 -0.12541280413249598 2.7594952284701901 1 CAMERA 13 200
201 14 0.77537863605620971 -0.11382278448810473 0.6141563841735983 0.092974621579213629 0.66853644982883342 0.15126500077566141 2.8316473405070282 1 CAMERA 14 201
202 15 0.77118059325402122 -0.13966942569403948 0.61622163141693354 0.077742170593096752 0.62059499351991043 0.36792575788711801 2.8677172189719666 1 CAMERA 15 202
203 16 0.78306899080772319 -0.14576249032276559 0.60083767057391813 0.067456250040951043 0.45053189681052352 0.45556672725857739 2.949531236604038 1 CAMERA 16 203
204 17 0.79526536732992847 -0.13859133740367327 0.58546261490159512 0.074692457951535673 0.26106803257618777 0.40624475121834824 3.015938718923211 1 CAMERA 17 204
205 18 0.81099381940179671 -0.132126493852145 0.56388544791118234 0.08285418606461889 0.050105160366279308 0.3007697200165414 3.0139636163029473 1 CAMERA 18 205
206 19 0.81844637273750431 -0.115628031589165 0.55439161034625528 0.097085712858912099 -0.056456620799540912 0.11176703126167455 3.0488894577265917 1 CAMERA 19 206
207 20 0.82166222574531478 -0.096354042393193187 0.55219600738829222 0.10327949807282846 -0.05259450362982427 -0.062720114169413796 2.9237776449265604 1 CAMERA 20 207
208 21 0.82913070762955832 -0.087971187908040691 0.54178524918842341 0.10617006887816453 -0.14410759349382327 -0.20038029973557051 2.8942357335985092 1 CAMERA 21 208
209 22 0.84089309319198458 -0.069617047664231158 0.52642782787665221 0.10452757786155112 -0.26074227558607765 -0.36791221408316321 2.8338077273777937 1 CAMERA 22 209
210 23 0.84370439206676517 -0.061735465891469964 0.52084818689874091 0.11431884036635283 -0.33749509007734863 -0.54275236765579116 2.7574065672529779 1 CAMERA 23 210
211 24 0.84641106483408635 -0.049986883722092708 0.5165270027667086 0.11953859709325131 -0.40528321223000524 -0.74309575759006918 2.6908426962229761 1 CAMERA 24 211
212 25 0.84654182073651263 -0.030579778634443531 0.51560084096005021 0.12879284018945966 -0.44808470690929758 -0.92774062977031835 2.6021276684185652 1 CAMERA 25 212
213 26 0.83762873844864238 -0.035666857326576554 0.53121588136771569 0.12212968187997034 -0.42234122126771501 -0.98808642598264673 2.5915713009967112 1 CAMERA 26 213
214 27 0.83159386665053292 -0.026201328267533821 0.54111330462560692 0.12231730418623467 -0.44921609612964114 -1.0970569929622951 2.5418985039023148 1 CAMERA 27 214
215 28 0.82209480508285426 -0.0087086934855794412 0.5562014719433499 0.12134336702765931 -0.46024031752627559 -1.2388490143625976 2.4906974396615258 1 CAMERA 28 215
216 29 0.81951105973755578 0.029370950750113738 0.55657745727893637 0.13326854193235779 -0.54088320042215698 -1.4551031815818167 2.3569712290009948 1 CAMERA 29 216
217 30 0.82158835752927029 0.042982872770068549 0.546048958568087 0.15803663583959163 -0.61363864160537096 -1.5094206595313229 2.2809858889615149 1 CAMERA 30 217
218 31 0.82179796731084598 0.008429258066782342 0.54882142286146174 0.15287934569629127 -0.63913150124887697 -1.2071423455020442 2.3639448266250258 1 CAMERA 31 218
219 32 0.81582388981945275 0.0074352144315895418 0.56087509919838552 0.14069549205790094 -0.62669869253111965 -1.0674748430201235 2.371605942387502 1 CAMERA 32 219
220 33 0.81328928480264995 0.031373164465128597 0.56047690343751455 0.15310749325141892 -0.65162643563920741 -1.1010195471423803 2.2878205951203041 1 CAMERA 33 220
221 34 0.81626278339630454 0.035864726532550295 0.55067680973942856 0.17083278680648015 -0.69391396575815445 -1.071340460065441 2.1923236367889278 1 CAMERA 34 221
222 35 0.81648818960287761 0.012883347870851743 0.54957565275136544 0.17648698957590245 -0.70005338770022463 -0.89246225254752598 2.1829989423860146 1 CAMERA 35 222
223 36 0.82272053288798619 -0.0070793233026851159 0.54083227145628443 0.17487498991428158 -0.77296935581187409 -0.74207789669831348 2.1745949432891276 1 CAMERA 36 223
224 37 0.81954682829790237 -0.0070374820292157299 0.54283358454463648 0.18337167055998052 -0.77773995023397047 -0.65758315149087332 2.1481931487805617 1 CAMERA 37 224
225 38 0.81214502522590371 -0.019786206857963864 0.55009704139737181 0.1934482077064775 -0.78948388654350188 -0.55192907572043259 2.1148040044539456 1 CAMERA 38 225
226 39 0.7948018011710819 -0.038900101165666147 0.56571303386374761 0.21620740575007921 -0.74501020073664614 -0.46388017594267367 2.1000040042864807 1 CAMERA 39 226
227 40 0.77664645759222339 -0.060832578415745575 0.58914053246159048 0.21455328085027447 -0.72881025028734747 -0.30549572260633262 2.0965348803749042 1 CAMERA 40 227
228 41 0.77801181334921021 -0.054910384614336095 0.58901590572419327 0.21152477574621753 -0.84060430673018849 -0.20867582948336028 2.0331560663953034 1 CAMERA 41 228
229 42 0.77127193825450246 -0.085283838990396738 0.60252921020279915 0.18661408017776734 -0.85029009157885338 -0.052398661976710878 2.0677400476436723 1 CAMERA 42 229
230 43 0.76069195667887612 -0.10280000408951043 0.61879885187201999 0.16693677583183841 -0.85241670442408402 0.012882669647008488 2.0347102344408321 1 CAMERA 43 230
231 44 0.75688788554785691 -0.11613957147280106 0.62454926365499763 0.15352702015283454 -0.89117892506619245 0.009589207225886659 1.9589515459749571 1 CAMERA 44 231
232 45 0.77064081927651895 -0.10147721003898785 0.61208237892894279 0.14550005124468152 -1.0040609143434343 -0.11728301320703034 1.8254787522475218 1 CAMERA 45 232
233 46 0.7831627771401356 -0.0954167640927501 0.60123686037259716 0.12675150240340746 -1.0811925990408144 -0.18806965217748134 1.6778554075178655 1 CAMERA 46 233
234 47 0.79057668022150895 -0.09165639898372499 0.59323468850921379 0.1210794019007787 -1.1312862363468879 -0.253904503580138 1.5027550896229787 1 CAMERA 47 234
235 48 0.79402336799261852 -0.077983675050869464 0.5925344776168846 0.11112304145632773 -1.1778415116156986 -0.33082958579711635 1.4006427308647846 1 CAMERA 48 235
236 49 0.80016838049169481 -0.072683422366538686 0.5863273738137682 0.10328549603422227 -1.2716707343635447 -0.40741242480049789 1.2963932427407538 1 CAMERA 49 236
237 50 0.80115957506545088 -0.062419915289094678 0.58661219020411581 0.10066393475410482 -1.3388521165119127 -0.51086518016961691 1.2154955286377365 1 CAMERA 50 237
238 51 0.7962721571442698 -0.029731955493014047 0.5948606825963425 0.10586515423115535 -1.3875863248311608 -0.62578150097317209 1.1128418379662486 1 CAMERA 51 238
239 52 0.77906060038612346 0.01293651548519952 0.61473048721586854 0.12248941007472802 -1.429113193315324 -0.75125668369486875 1.0693763368811713 1 CAMERA 52 239
240 53 0.76385685882223131 0.048779069564955195 0.6274669904708926 0.14292822489631596 -1.4670810478210814 -0.8006382335900466 0.96712933425260939 1 CAMERA 53 240
241 54 0.7335731371869828 0.040238333784176808 0.66031770351481534 0.1556658579035296 -1.4176107496344337 -0.78715920139198725 1.0824411951250084 1 CAMERA 54 241
242 55 0.72363065707869567 0.031599295988955986 0.66777851838431224 0.17155759095216458 -1.4340072206737327 -0.73414345747197929 1.1059644236069972 1 CAMERA 55 242
243 56 0.73109513797579628 0.02116517135889634 0.65186290993277862 0.20031645315218141 -1.4822666442521564 -0.73738701957582353 1.0523035389216597 1 CAMERA 56 243
244 57 0.74084158413354773 0.060490643520154062 0.63118267086625746 0.22159211462313169 -1.5368321835980168 -0.62952702169053143 0.89638346373173705 1 CAMERA 57 244
245 58 0.73420275991194273 0.049626006020276552 0.63484833465456392 0.23548069740530422 -1.51133756882324 -0.55646025349549721 0.87518267060460975 1 CAMERA 58 245
246 59 0.7364780890578454 0.012688708178771258 0.63017332683070526 0.24560252273455946 -1.5276248439982598 -0.45689187488437716 0.8096256915852964 1 CAMERA 59 246
247 60 0.7421235295091464 -0.014487674868645035 0.62986829914451314 0.22871095286099832 -1.5120285832584177 -0.31112726532709684 0.79325353355949602 1 CAMERA 60 247
248 61 0.72650887799494746 -0.036436152937540607 0.64910817120734821 0.22252154732853738 -1.4927074032365397 -0.25231025705447069 0.85927769186317171 1 CAMERA 61 248
249 62 0.71235514166894676 -0.041885353536388392 0.66528121991019684 0.21953739483684107 -1.4403668708918533 -0.21322119673644549 0.92193350082491288 1 CAMERA 62 249
250 63 0.69046106056426648 -0.033077140035128426 0.68535309294571367 0.22904271357392902 -1.3765553445005019 -0.20326525997637643 1.0059168069381619 1 CAMERA 63 250
251 64 0.65220514232837468 -0.050755982333300684 0.72106579231810708 0.22829017877794638 -1.2685641552159546 -0.17442435640576578 1.1876000770976356 1 CAMERA 64 251
252 65 0.60905231712841146 -0.061942672248172619 0.75787578437198977 0.2254832051790327 -1.1701212088753372 -0.16362529385639427 1.2916282309718765 1 CAMERA 65 252
253 66 0.56931005627699027 -0.075827220899117351 0.78810888984237126 0.22140612038521371 -1.0157472049487031 -0.1154313490529818 1.453839036715125 1 CAMERA 66 253
254 67 0.52779905257670712 -0.08708257448990693 0.81843502214777308 0.20978298272575532 -0.91593102296246109 -0.053740260085879912 1.5950843397497405 1 CAMERA 67 254
257 70 0.39068694233505818 -0.061790102916703386 0.87851398168105788 0.26787848039982615 -0.40025444676071686 -0.24971752990893764 1.6823063635456219 1 CAMERA 70 257
271 84 0.66825663138299118 0.046581033357363952 0.7119457852619181 0.21070472418009065 -2.1566578825814231 -0.58889225643789744 0.60268296191031179 1 CAMERA 84 271
272 85 0.64829942772340399 0.00033557165862846427 0.73461253226047762 0.20013037463368102 -2.0848197084898121 -0.55653211944029024 0.64293536709650834 1 CAMERA 85 272
273 86 0.62884098321990145 -0.020219655316619432 0.75392453914871549 0.18907134270243492 -2.0387580476597487 -0.47866386847583209 0.74175033411258862 1 CAMERA 86 273
274 87 0.61252783422912538 -0.051682336661708385 0.76784047469751937 0.1804427715040178 -1.9914993901136753 -0.42713101585936675 0.83082664208123891 1 CAMERA 87 274
275 88 0.59102598354575087 -0.092747881411678529 0.78173876864841874 0.17598470064036048 -1.9274872328840056 -0.37735000724635831 0.92393804880527741 1 CAMERA 88 275
276 89 0.58411844084347453 -0.1429428596537094 0.78398927388764472 0.15405779555002025 -1.9218094369259646 -0.23518287824814013 0.92146103616368302 1 CAMERA 89 276
280 93 0.536222416732833 -0.26353279294570953 0.80162579881227081 0.020299396888152528 -2.0483744367921553 0.19358172193105158 0.8476297841252165 1 CAMERA 93 280
283 96 0.61145875008774342 -0.24764299942944867 0.75013443201245256 0.045710783017534201 -2.4284643762635354 0.10960691960635432 0.37185410608436759 1 CAMERA 96 283
285 98 0.64037030229788783 -0.21579709916603676 0.73397809330528785 0.068070893004057567 -2.6710594610231806 0.048679988153954232 0.17352369437215603 1 CAMERA 98 285
287 100 0.65043581930832972 -0.099239501686878243 0.74380865955722952 0.11761566321421356 -2.812329725206371 0.10744624934705996 0.21787551547453907 1 CAMERA 100 287
288 101 0.6491708200300419 -0.065244807565669555 0.74472512191547569 0.14037398012175162 -2.8262373537218659 0.10022832123101852 0.21879767030648981 1 CAMERA 101 288
289 102 0.64117069544524552 -0.050178743573344273 0.74573278762647477 0.17396793513319667 -2.854748612099498 -0.025614419144299457 0.30591141129934074 1 CAMERA 102 289
290 103 0.63019643624395016 -0.036186172334223804 0.74833065828250467 0.2038240382086865 -2.8945982890192581 -0.15757662590730487 0.36721944814422419 1 CAMERA 103 290
291 104 0.65393048308684409 -0.0043192625452713731 0.71810408342709142 0.23808148316534197 -2.9442524652526929 -0.19899883748679617 0.15938797733687562 1 CAMERA 104 291
292 105 0.64122333528800601 0.026921454477486912 0.72157704739557704 0.25968140912052823 -2.9602779008127333 -0.23894088110441897 0.2774380251948883 1 CAMERA 105 292
293 106 0.62644308854082265 0.04877425316794709 0.72081610967794385 0.29259915426415428 -2.9381928042203902 -0.34627307491365067 0.33809053224441105 1 CAMERA 106 293
294 107 0.58893624143774559 0.037432589087030087 0.74864117547443321 0.30214118418329228 -2.8698943024400831 -0.49076736039160107 0.55185078491086259 1 CAMERA 107 294
295 108 0.56788916580549598 0.016877633903230702 0.76645799296538897 0.29959837425132024 -2.8061974922782111 -0.5710861012575692 0.62870836951459996 1 CAMERA 108 295
296 109 0.53976662410051568 -0.0016967084787795105 0.78973643368936197 0.29148838397280724 -2.7369933180749735 -0.62886305042824331 0.80992923091434743 1 CAMERA 109 296
297 110 0.51114180838561563 -0.030255945616284835 0.81242632271743687 0.27889442380759516 -2.6834126810530687 -0.67804336988695568 0.98834918396795957 1 CAMERA 110 297
298 111 0.49433009533750971 -0.034388207524302127 0.82283660918140988 0.27819978903247539 -2.7189336055569999 -0.67458226096714036 1.1051844171301488 1 CAMERA 111 298
299 112 0.49977885308795561 -0.07630209151601329 0.82596055763196252 0.2493757126760085 -2.7738575096385643 -0.64041208174236175 1.1117104200086458 1 CAMERA 112 299
300 113 0.47928659547594893 -0.10277786333242156 0.84642622067604767 0.20804740603516009 -2.7640246443829555 -0.52554958291429732 1.2693788939650332 1 CAMERA 113 300
301 114 0.46253519653143893 -0.10860534553369776 0.85856988070838458 0.19267545466799726 -2.7710795368876906 -0.48440708827577794 1.382820343264523 1 CAMERA 114 301
302 115 0.47788277749245162 -0.060967345141475934 0.84331449570620531 0.2381841622238742 -2.8760328130042456 -0.58764746055367911 1.2976151106911094 1 CAMERA 115 302
303 116 0.51044769831988612 -0.01245452537484228 0.81186482530520554 0.28313166108679244 -3.0406362407321734 -0.68923393294193946 1.0511743012566759 1 CAMERA 116 303
304 117 0.53179943843615629 0.028087368310419723 0.78199131191633564 0.32386732639732574 -3.1287629589074073 -0.71619841035626952 0.88923133763946693 1 CAMERA 117 304
601 414 0.97998903262077375 0.11294430424921613 0.16227439409339045 0.023067316755177002 1.3778085934539319 -1.981820747649697 3.0493523524896675 1 CAMERA 414 601
602 415 0.98240502321241929 0.061918790239698214 0.17154326860062863 0.040241033536314766 1.5102317384483126 -1.5269984196511184 3.2467958799116388 1 CAMERA 415 602
603 416 0.97968542120203561 0.033355815408686908 0.19145575575510582 0.049482912715934725 1.6831588953174834 -1.2055356892989177 3.2981483875997037 1 CAMERA 416 603
604 417 0.9710577255657471 0.024282674939079488 0.23237105255146204 0.049607854751108328 1.9786510318338575 -1.0209810663474679 3.2003729599418849 1 CAMERA 417 604
605 418 0.96918515984854836 0.0059785419541238897 0.23837289526708211 0.061828357308239629 2.073041859653737 -0.76607662199836302 3.1978610414950355 1 CAMERA 418 605
606 419 0.96963009209151685 -0.027706573465052887 0.2357792241810632 0.058804657485594568 2.1133085891917287 -0.4528184863444128 3.2622136802936419 1 CAMERA 419 606
607 420 0.96643652042974804 -0.028934615132813136 0.24635179362700965 0.066888218719834289 2.2404695171939326 -0.37276381820651927 3.2804799522711647 1 CAMERA 420 607
608 421 0.95919461460434741 -0.037544535631452172 0.26883279769451224 0.079151917487687143 2.4183931681186639 -0.20700243811300922 3.2099401921804804 1 CAMERA 421 608
609 422 0.95492166057270389 -0.039984655199706849 0.2840330234062079 0.07649242532668768 2.5007686898907751 -0.10501914479023336 3.0653359343058368 1 CAMERA 422 609
610 423 0.95749542711864033 -0.082584092742748402 0.26510047476556753 0.078128822798122763 2.3010699078419177 0.24283169951743322 3.1513728681662552 1 CAMERA 423 610
611 424 0.97004527597884038 -0.091954866707259011 0.21785268678087838 0.055647748403131914 1.9330528869788639 0.25603501374204718 3.3355076423776366 1 CAMERA 424 611
612 425 0.96663825295491346 -0.076273409096353467 0.23890467657432171 0.052128787632284644 1.9956755530919108 0.11604938393552539 3.2710218334658414 1 CAMERA 425 612
613 426 0.95554213838638813 -0.12335511333437918 0.26277777245995515 0.051677655550685493 1.9662259493210439 0.4328545629236778 3.0495379278179864 1 CAMERA 426 613
614 427 0.9476944010184315 -0.17787406763157979 0.25747471888126894 0.062792575034985032 1.7531608742578568 0.69897818833507808 2.7503830808344509 1 CAMERA 427 614
615 428 0.94688132545467407 -0.20673091174545793 0.23893917862336955 0.05988451012474693 1.5084603204701392 0.83875367221673791 2.7319043881287337 1 CAMERA 428 615
616 429 0.95544169141477642 -0.17105828610005228 0.23641612065837569 0.04447083264150193 1.4364191010502705 0.50870421656121634 2.8381780588282868 1 CAMERA 429 616
617 430 0.95967395813694978 -0.14251439069962218 0.24028215359843996 0.031305417731938456 1.4056914000031293 0.29296271139061764 2.7025155162153678 1 CAMERA 430 617
618 431 0.96045171911999438 -0.16056398234953043 0.22532504241277826 0.031310191203293057 1.2785626200568294 0.36052988990453672 2.6630206925932915 1 CAMERA 431 618
619 432 0.96502960576798824 -0.1326399751007328 0.22493342255086057 0.023009833030996782 1.2271081265354606 0.097903538133632229 2.6755634328110136 1 CAMERA 432 619
620 433 0.96768182493577382 -0.099307154823300409 0.23071351098467782 0.022388625214483614 1.2132099124524851 -0.12849293043781823 2.6748533542888095 1 CAMERA 433 620
621 434 0.96031886270485634 -0.089706060704942345 0.26251178257667768 0.028776181373970314 1.2984146359030835 -0.21883034409407898 2.6109210050348195 1 CAMERA 434 621
622 435 0.95492963154506894 -0.088660320008924876 0.28005783637793119 0.042618713453433474 1.2893992205059874 -0.26471605955928806 2.5664049616470241 1 CAMERA 435 622
623 436 0.95485430226433532 -0.061233396118830108 0.28630737373797605 0.050317197758887364 1.2567300634877188 -0.45439171132110273 2.5560360437648328 1 CAMERA 436 623
624 437 0.95148060970705695 -0.049481225166499249 0.29973269970335142 0.04895473864755271 1.243086129630373 -0.55141387949974929 2.5039090391419951 1 CAMERA 437 624
625 438 0.94641792029892147 -0.04958383251331696 0.31629692218518901 0.042318089589822881 1.2484207439160981 -0.63916912089845457 2.4611948638442387 1 CAMERA 438 625
626 439 0.94797783007140213 -0.025409141324256479 0.31382937434630825 0.046941804691391018 1.1889850237811046 -0.82076461784897381 2.4129637310758349 1 CAMERA 439 626
627 440 0.94694970322364003 -0.0045276442258208541 0.31796038631679319 0.046550539585488444 1.1702649688558353 -1.0229916001248383 2.3594311180156917 1 CAMERA 440 627
628 441 0.94668596903393132 0.018529780173546603 0.31779555487125455 0.049480385862257052 1.1226604154388207 -1.2272429606502138 2.2869127686032198 1 CAMERA 441 628
629 442 0.94817567737631692 0.022769375139705655 0.31307653261422735 0.049269920985960731 1.0759030676159593 -1.3120158595493114 2.2633893293031639 1 CAMERA 442 629
630 443 0.94667837617555006 0.0274611498608179 0.31866969699532305 0.03867249082816715 1.0407356771264304 -1.4181633919254724 2.2220460684648806 1 CAMERA 443 630
631 444 0.95404337239749737 0.052333695349154108 0.29102628630917909 0.048642867849251932 0.89271136879993596 -1.5925420769088083 2.1609473569967221 1 CAMERA 444 631
632 445 0.95121810033279308 0.046417312977099334 0.30040455274278605 0.052788856273510536 0.93620592642089295 -1.6118259820860998 2.1362947902679132 1 CAMERA 445 632
633 446 0.94612820798248065 0.04038378049520961 0.31827419261268813 0.043727595972295218 0.97094883628731843 -1.627241103190475 2.1247783867272712 1 CAMERA 446 633
634 447 0.94502330684351177 0.047590069456385324 0.31949740108277697 0.050867922240263812 0.94960846606235405 -1.6885097971050287 2.0915709778374048 1 CAMERA 447 634
635 448 0.94654868078272469 0.061989665199438569 0.31233219227020759 0.051492504198488227 0.83266007237144724 -1.7853178573758945 2.036459049004399 1 CAMERA 448 635
636 449 0.94784589841756073 0.063141938838226788 0.3067551564944429 0.059182111966594925 0.72496329560967809 -1.7893078416289638 2.0119138362297524 1 CAMERA 449 636
637 450 0.94588155680539643 0.074492348962191202 0.30676058671282946 0.075212451635984653 0.64904478621334361 -1.8202714733625114 1.9274290111579691 1 CAMERA 450 637
638 451 0.93812576375977696 0.09452208097329802 0.32051480563557289 0.09086191142059212 0.60466816507233134 -1.8793017461095376 1.8923923617790848 1 CAMERA 451 638
639 452 0.92054609816109678 0.088936852291508009 0.3720186326376223 0.079292209171473338 0.1980669409045544 -1.722665012861917 1.694980084531184 1 CAMERA 452 639
640 453 0.90924140207256099 0.090102938884188355 0.39873421409037541 0.078565639278799421 0.25304338427556428 -1.5898806485978716 1.7690589450869108 1 CAMERA 453 640
641 454 0.90352436323456231 0.06231978313244408 0.40973396590164524 0.10898645263707533 0.37535231105128369 -1.3947707940151715 1.887483455388322 1 CAMERA 454 641
642 455 0.89191173124806611 0.047168619819928828 0.43204568443585839 0.12492042077543399 0.51520441738831813 -1.2183285899881302 2.0249880591195062 1 CAMERA 455 642
643 456 0.8765901623521023 0.060010850984327631 0.45684096987771405 0.13886941086085625 0.62748181582518614 -1.1735269372462716 2.0540336869879456 1 CAMERA 456 643
644 457 0.85545012586737679 0.010673810782384422 0.49954640091518243 0.13617835822758037 0.83400045899645148 -0.84134914503027136 2.2538056599218885 1 CAMERA 457 644
645 458 0.84609777597738933 0.0064537718518832632 0.51953894598824313 0.11897977103871364 0.84068408461337685 -0.73700144837915327 2.3004091205498467 1 CAMERA 458 645
646 459 0.83129791563539923 -0.012350966042191821 0.54377143126151994 0.11447209110461595 0.9593512051406643 -0.54278765181308619 2.3213976070787394 1 CAMERA 459 646
647 460 0.82337739445189617 -0.045693997069099504 0.5525443946638593 0.12106368928380282 1.000541341786702 -0.33665332283230576 2.3812826319925988 1 CAMERA 460 647
648 461 0.80149596559487035 -0.072858709632331792 0.57980367019696322 0.12697846113412034 1.1796886352054072 -0.14170876991859441 2.3455406684416915 1 CAMERA 461 648
649 462 0.80350090602851765 -0.085656770009614261 0.57495141297476049 0.12837478132872471 1.109522791304159 -0.057691952425150302 2.3837301397726729 1 CAMERA 462 649
650 463 0.80707671617344923 -0.099035880250613523 0.56753219114645781 0.12933012273313763 1.0489689397528619 0.030011617590298315 2.4833639884996592 1 CAMERA 463 650
651 464 0.80940768287807141 -0.10526946950736625 0.56426088902725935 0.12404511599315877 1.007407184580436 0.085298970074327768 2.512732158787478 1 CAMERA 464 651
652 465 0.81736311335650802 -0.1165008017780213 0.55363275905792919 0.10879279483099742 0.87963834374380268 0.20070275713088059 2.4984072722284538 1 CAMERA 465 652
653 466 0.82102886375915751 -0.13753458157484683 0.54648362632939829 0.091386486414837209 0.77119336676136496 0.3283136494579843 2.5781573824641288 1 CAMERA 466 653
654 467 0.82815126060634192 -0.14389908197124865 0.53512637680465092 0.08425143685353452 0.60343011284898973 0.34658403828219952 2.590419708031491 1 CAMERA 467 654
655 468 0.84429981543992316 -0.14413063043017785 0.51024087877097246 0.07770732688065482 0.35999215100293785 0.33546383626205956 2.6368372939203808 1 CAMERA 468 655
656 469 0.85931516456893442 -0.13765450451354644 0.48631241979646911 0.078287391581902371 0.11884745010331886 0.2726489321954606 2.5977964586454161 1 CAMERA 469 656
657 470 0.87484671420063476 -0.14577170015775065 0.45491638487229302 0.080280264450209846 -0.1424057960170457 0.26650694751389997 2.5804935572172125 1 CAMERA 470 657
658 471 0.8884488586003475 -0.15801952486217982 0.42401740911520486 0.07679643338918489 -0.40141336239922198 0.28269818517536144 2.5854796699032936 1 CAMERA 471 658
659 472 0.89307405067894752 -0.16007846925203736 0.41318885285295592 0.077901191029916897 -0.54716802496545669 0.26014477827504373 2.4952692141291402 1 CAMERA 472 659
