# Frame list with one line of data per frame:
#   FRAME_ID, RIG_ID, RIG_FROM_WORLD[QW, QX, QY, QZ, TX, TY, TZ], NUM_DATA_IDS, DATA_IDS[] as (SENSOR_TYPE, SENSOR_ID, DATA_ID)
# Number of frames: 45
1 1 0.98920518295016768 -0.06053590702350093 -0.11948866748291029 -0.059421951571164963 14.298355582593951 2.3159772471967757 9.2193622992999256 1 CAMERA 1 1
2 1 0.99078444942442068 -0.047437339245835555 -0.11718509719647538 -0.048616114808527511 13.792204326894836 1.0014520014620185 8.6624215452035163 1 CAMERA 1 2
3 1 0.9981265404275228 0.0020793903523052674 -0.060087721912721929 -0.011338037982251119 11.161598717963766 -1.0932040897140396 5.8927935381041507 1 CAMERA 1 3
4 1 0.99952167858376839 -0.015331688981537094 0.022661210038190285 0.014416064430507651 8.2195822376454686 4.218761659532797 3.9600167416195791 1 CAMERA 1 4
5 1 0.99817287317659387 -0.049366248411774366 -0.034010980407556679 -0.0075592316968911737 7.2448809506092582 2.1578172934520277 4.482042501968369 1 CAMERA 1 5
6 1 0.99344010966856178 -0.083150464446281824 -0.071937583740657549 -0.031428216774731614 6.2455965860033826 -0.93903030076259897 4.3867588100335091 1 CAMERA 1 6
7 1 0.98957527526643907 -0.14111754926680775 -0.0280082959329091 0.0064920897418409129 0.43526957134396616 6.1014266316502166 0.61493716834632217 1 CAMERA 1 7
8 1 0.9954004954179404 -0.091523879221557886 -0.027670060201725279 -0.0059666592318834508 0.35352121629891453 3.1197194704765074 0.14768461982024622 1 CAMERA 1 8
9 2 0.99957361472583761 -0.027246983771144501 -0.0091826325805088229 -0.0050862440158943771 -0.70599340803499944 -0.16457899593245609 -0.55592632539413822 1 CAMERA 2 9
11 2 0.9995720222237251 -0.027103669380281803 -0.0096657024787196993 -0.005266658265930607 -0.65471180720989286 -0.13610661808378613 -0.61968181129937316 1 CAMERA 2 11
21 2 0.99957293859039775 -0.027205125812384823 -0.0094048224743772928 -0.0050369516093327852 -0.6945261117136593 -0.12385793831349615 -0.65559318317581727 1 CAMERA 2 21
26 2 0.99955262514349308 -0.027544765385498705 -0.0096471844112248004 -0.0065396713636997911 -0.47167584178546623 -0.17907089278337615 -0.50467925755633625 1 CAMERA 2 26
33 2 0.99957232934737461 -0.027304708121895074 -0.0089292916133636886 -0.0054661749629269368 -0.70639092967980832 -0.16409095855790409 -0.55556550907875568 1 CAMERA 2 33
38 2 0.99950597246110029 -0.028037402471403714 -0.012894241739913929 -0.0059542931738078425 -0.71891297164908452 -0.11187860398980005 -0.72223127968711043 1 CAMERA 2 38
49 2 0.99962206205087301 -0.026765030065887936 -0.0062620626214177398 -0.00039089443393412846 -0.70856567627919409 -0.14003453429480825 -0.62673357619135794 1 CAMERA 2 49
55 2 0.99957517879135138 -0.027219898405187754 -0.0092452644646192073 -0.0048025160102369109 -0.7058369760432438 -0.16495482004710529 -0.55601292618329889 1 CAMERA 2 55
77 2 0.99960598965833125 -0.02637034151289009 -0.0093377513546532547 -0.0022971563550937303 -0.59050468731064998 -0.27670382363290769 -0.2552407766907096 1 CAMERA 2 77
111 2 0.99963415560138014 -0.026770116548178256 -0.0038618965370740195 -3.9626373236043739e-05 -0.9680483680418881 -0.30134111777145633 -0.24698052296361234 1 CAMERA 2 111
113 2 0.99957545747392706 -0.027029315995970644 -0.0096812597783035078 -0.0049592440638333525 -0.7269765872793752 -0.094437963682283479 -0.72737870763929868 1 CAMERA 2 113
125 2 0.99957649975593088 -0.02727112793415901 -0.0090717998664022973 -0.0045617062667659631 -0.70656389333555725 -0.16577374720248775 -0.55459798566248286 1 CAMERA 2 125
163 2 0.99961372885366251 -0.02708739395850383 -0.0060632655581913672 0.0013794877978020458 -0.69683878992071191 -0.16765837779299575 -0.56562013582105919 1 CAMERA 2 163
191 2 0.99959074333994735 -0.026560194515970893 -0.010093761592807383 -0.0033193181939971911 -0.68496829118743385 -0.12119507702841051 -0.70965210252711941 1 CAMERA 2 191
193 2 0.99950750046922454 -0.028144104601327644 0.00063051953602248775 0.013866085499059317 -0.57677722888885663 -0.10922918474197013 -0.76757645281229436 1 CAMERA 2 193
196 2 0.99957618479078103 -0.027279660408025579 -0.0089271578984171963 -0.004855592547374013 -0.7062241620580666 -0.16493703258846648 -0.5555335756406129 1 CAMERA 2 196
197 2 0.99946775962862999 -0.017836795474717171 -0.013199905079230214 0.023912521741116601 -0.7156684539560243 -0.16908279026443482 -0.61865314095762658 1 CAMERA 2 197
198 2 0.9995583134165732 -0.027447476075230258 -0.0098191448680759255 -0.005779146215053447 -0.69464938670002729 -0.15819496998257843 -0.57101372339874246 1 CAMERA 2 198
199 2 0.99956692094508248 -0.027458617818719677 -0.0092858823093680525 -0.0050761451505523672 -0.72443377400966336 -0.1518931197435564 -0.60989630386621441 1 CAMERA 2 199
200 2 0.99959196699775288 -0.026880166880958987 -0.0087161582200180852 -0.0041694997180452007 -0.70487278008506671 -0.161704140151919 -0.56786391295321248 1 CAMERA 2 200
201 2 0.99957458431139123 -0.027225810071213635 -0.0090081361787986772 -0.0053159333385741836 -0.70625722033862892 -0.16422143464817021 -0.55569692862127551 1 CAMERA 2 201
202 2 0.99957441685110326 -0.027225040148610366 -0.009198500959307028 -0.0050169657946835516 -0.70596105374227092 -0.16465676059851023 -0.55594737017192597 1 CAMERA 2 202
213 2 0.99957209000686154 -0.026906164269469426 -0.010182204282722509 -0.0052931955909358598 -0.70616096593258681 -0.16203172112299197 -0.56317335199557905 1 CAMERA 2 213
216 2 0.99957505860319495 -0.027160691540939752 -0.0092725800308489544 -0.0051008149357661611 -0.70589957767053602 -0.16446820941247828 -0.55608135606719644 1 CAMERA 2 216
217 2 0.99935577385445484 -0.026096961720199621 -0.022868071460443687 -0.0091671784327721512 2.1113823939179563 0.086068462331067672 -0.87539783012230477 1 CAMERA 2 217
238 2 0.9996132508416542 -0.024368876802757306 -0.01308013916688202 0.002901128147321947 -0.71463588445123016 -0.13612612715135522 -0.64854541498808072 1 CAMERA 2 238
250 2 0.99956751421046264 -0.027329294729132855 -0.0087336068991477438 -0.006451224322246615 -0.71316792643577398 -0.15871825811784779 -0.56517000691215347 1 CAMERA 2 250
262 2 0.99943894887436413 -0.025627189316428371 -0.020763614308326454 -0.0058229684441087294 -0.69316885308067899 -0.16191304362938633 -0.57417939880657376 1 CAMERA 2 262
277 2 0.99909046572806892 -0.033769310815531306 -0.0085531494596772784 -0.024591026262333143 -0.64033526995077084 0.026012595684273956 -1.0265571644725422 1 CAMERA 2 277
304 2 0.99928836062430204 -0.032353362619905845 -0.0036471554458801583 -0.019045485164035897 -0.72071402083895331 -0.14034562817851801 -0.57328583047283344 1 CAMERA 2 304
305 2 0.99955972946335214 -0.027035293562995361 -0.010922546159392407 -0.0054898198976635719 -0.42955991724886078 -0.027987671598969952 -0.86034251047535915 1 CAMERA 2 305
306 2 0.99959932788964612 -0.026546845232990217 -0.0094587781403750928 -0.0026420081062027241 -0.69551228890327588 -0.16620681038096385 -0.55717481970650895 1 CAMERA 2 306
320 2 0.99960421076483752 -0.02623458928392328 -0.0095357763724019558 -0.0034981588422813448 -0.80119958905426236 -0.093534569855113062 -0.33703057272755382 1 CAMERA 2 320
322 2 0.99962043793564603 -0.026848373898126547 -0.0054515875440755797 -0.0029025977370299117 -1.0949565485726227 -0.13690193030303865 -0.67696633243759208 1 CAMERA 2 322
351 2 0.99603548697003075 -0.033572033736523003 0.079296913560264193 0.022320993413908922 -0.53987710008668655 -1.1047104708836066 2.294563389702192 1 CAMERA 2 351
356 2 0.99729875228438492 -0.03231273370483128 0.061288113661004819 0.024389609599278439 -2.3871630614997477 -0.63679966396690557 0.35441379669450535 1 CAMERA 2 356
362 2 0.999628145664194 -0.025474133228911774 -0.009563452030192229 0.001783064066945985 -0.70507358745318438 -0.17133635290156368 -0.55931731196992429 1 CAMERA 2 362
